30
tempo <- c(1512, 1532, 1540, 1524, 1516, 1584, 1540, 1624, 1612, 1512, 1628, 1596, 1540, 1532, 1520, 1624, 1624, 1620, 1608, 1624, 1628, 1528, 1512, 1532, 1632, 1640, 1656, 1532, 1620, 1516)