30
tempo <- c(2848, 2796, 2832, 2692, 2864, 2756, 2760, 2788, 2692, 2708, 2792, 2828, 2756, 2688, 2708, 2852, 2688, 2824, 2696, 2752, 2748, 2792, 2844, 2692, 2760, 2764, 2788, 2764, 2772, 2808)