30
tempo <- c(2828, 2904, 2884, 2832, 2932, 2868, 2820, 2836, 2816, 2888, 2860, 2924, 2816, 2860, 2820, 2908, 2856, 2852, 2900, 2884, 2836, 2840, 2856, 2844, 2872, 2776, 2832, 2808, 2836, 2828)