30
tempo <- c(3244, 3060, 3120, 3240, 3192, 3032, 3180, 3032, 3124, 3208, 3204, 3168, 3132, 3208, 3116, 3100, 3184, 3060, 3128, 3228, 3060, 3200, 3104, 3120, 3048, 3240, 3056, 3092, 3144, 3064)