tempo <- c(0.840000, 0.700000, 0.680000, 1.030000, 0.880000, 0.770000, 1.450000, 1.260000, 1.440000, 1.430000, 1.430000, 1.400000, 1.410000, 1.440000, 1.800000, 1.660000, 2.040000, 1.550000, 0.950000, 1.010000, 0.950000, 1.200000, 0.830000, 1.010000, 0.980000, 0.750000, 0.860000, 0.990000, 0.800000, 0.900000)