tempo <- c(0.710000, 0.630000, 0.880000, 0.650000, 0.730000, 0.680000, 0.960000, 1.480000, 1.000000, 1.500000, 1.210000, 1.250000, 1.080000, 1.250000, 1.170000, 1.360000, 1.800000, 1.710000, 0.820000, 0.740000, 0.690000, 0.800000, 0.700000, 0.800000, 0.740000, 0.720000, 0.610000, 0.770000, 0.850000, 0.760000)