tempo <- c(3.840000, 3.400000, 3.500000, 3.650000, 3.800000, 4.040000, 5.630000, 6.030000, 5.700000, 6.260000, 5.400000, 6.250000, 5.390000, 7.430000, 6.160000, 6.320000, 7.460000, 7.200000, 3.710000, 4.440000, 3.890000, 4.040000, 4.540000, 4.310000, 3.240000, 3.890000, 3.460000, 3.050000, 3.860000, 3.460000)