tempo <- c(60.060001, 62.869999, 63.430000, 65.889999, 62.450001, 64.919998, 98.510002, 96.260002, 93.410004, 95.750000, 94.449997, 95.519997, 109.940002, 114.870003, 108.279999, 114.309998, 107.900002, 119.910004, 72.660004, 69.360001, 74.599998, 74.459999, 75.959999, 82.300003, 62.750000, 59.400002, 57.560001, 58.669998, 57.419998, 71.000000)